4.999999999999998224e+00
5.906468686988383787e+00
6.977274470074858570e+00
8.242210635604125812e+00
9.736471806151676844e+00
1.150163316895602783e+01
1.358680723233315213e+01
1.605001029478461305e+01
1.895977664639731231e+01
2.239706541484788360e+01
2.645751311064590539e+01
3.125409454472293547e+01
3.692026615371611342e+01
4.361367919044025854e+01
5.152056609253845210e+01
6.086092207229879847e+01
7.189462609625456935e+01
8.492867156005314655e+01
1.003257078393950223e+02
1.185141303706663791e+02
