5.906468686988383787e+00
6.977274470074858570e+00
8.242210635604125812e+00
9.736471806151680397e+00
1.150163316895602605e+01
1.358680723233315568e+01
1.605001029478461660e+01
1.895977664639730875e+01
2.239706541484787650e+01
2.645751311064591249e+01
3.125409454472294257e+01
3.692026615371610632e+01
4.361367919044026564e+01
5.152056609253846631e+01
6.086092207229878426e+01
7.189462609625462619e+01
8.492867156005313234e+01
1.003257078393949939e+02
1.185141303706663791e+02
1.400000000000000284e+02
