5.434366884462431102e+00
6.419583567336795582e+00
7.583413864795995885e+00
8.958239306578223093e+00
1.058231199097056141e+01
1.250081888212186954e+01
1.476713905779319091e+01
1.744432888825172512e+01
2.060687646879715018e+01
2.434277411991763884e+01
2.875596661874494941e+01
3.396924327954005918e+01
4.012765435025880834e+01
4.740254678041937098e+01
5.599633164840980726e+01
6.614811589350986765e+01
7.814035504565889312e+01
9.230671205346784802e+01
1.090413408685322736e+02
1.288098530854425690e+02
