1.000000000000000000e+00
2.000000000000000000e+00
3.000000000000000000e+00
4.000000000000000000e+00
5.000000000000000000e+00
6.000000000000000000e+00
7.000000000000000000e+00
8.000000000000000000e+00
9.000000000000000000e+00
1.000000000000000000e+01
1.100000000000000000e+01
1.200000000000000000e+01
1.300000000000000000e+01
1.400000000000000000e+01
1.500000000000000000e+01
1.600000000000000000e+01
1.700000000000000000e+01
1.800000000000000000e+01
2.000000000000000000e+01
2.100000000000000000e+01
2.300000000000000000e+01
2.400000000000000000e+01
2.600000000000000000e+01
2.800000000000000000e+01
3.000000000000000000e+01
3.200000000000000000e+01
3.400000000000000000e+01
3.700000000000000000e+01
3.900000000000000000e+01
4.200000000000000000e+01
4.500000000000000000e+01
4.900000000000000000e+01
5.200000000000000000e+01
5.600000000000000000e+01
6.000000000000000000e+01
6.400000000000000000e+01
6.900000000000000000e+01
7.300000000000000000e+01
7.900000000000000000e+01
8.400000000000000000e+01
9.000000000000000000e+01
9.700000000000000000e+01
1.040000000000000000e+02
1.110000000000000000e+02
1.190000000000000000e+02
1.270000000000000000e+02
1.360000000000000000e+02
1.460000000000000000e+02
1.560000000000000000e+02
1.670000000000000000e+02
1.790000000000000000e+02
1.920000000000000000e+02
2.050000000000000000e+02
2.200000000000000000e+02
2.360000000000000000e+02
2.520000000000000000e+02
2.700000000000000000e+02
2.890000000000000000e+02
3.100000000000000000e+02
3.320000000000000000e+02
3.550000000000000000e+02
3.800000000000000000e+02
4.070000000000000000e+02
4.360000000000000000e+02
4.670000000000000000e+02
5.000000000000000000e+02
5.350000000000000000e+02
5.730000000000000000e+02
6.140000000000000000e+02
6.570000000000000000e+02
7.040000000000000000e+02
7.530000000000000000e+02
8.070000000000000000e+02
8.640000000000000000e+02
9.250000000000000000e+02
9.900000000000000000e+02
1.060000000000000000e+03
1.135000000000000000e+03
1.215000000000000000e+03
1.301000000000000000e+03
1.393000000000000000e+03
1.492000000000000000e+03
1.597000000000000000e+03
1.710000000000000000e+03
1.831000000000000000e+03
1.961000000000000000e+03
2.099000000000000000e+03
2.248000000000000000e+03
2.407000000000000000e+03
2.577000000000000000e+03
2.759000000000000000e+03
2.954000000000000000e+03
3.163000000000000000e+03
3.386000000000000000e+03
3.626000000000000000e+03
3.882000000000000000e+03
4.157000000000000000e+03
4.451000000000000000e+03
4.765000000000000000e+03
5.102000000000000000e+03
5.463000000000000000e+03
5.849000000000000000e+03
6.262000000000000000e+03
6.705000000000000000e+03
7.179000000000000000e+03
7.687000000000000000e+03
8.230000000000000000e+03
8.812000000000000000e+03
9.435000000000000000e+03
1.010100000000000000e+04
1.081600000000000000e+04
1.158000000000000000e+04
1.239900000000000000e+04
1.327500000000000000e+04
1.421400000000000000e+04
1.521800000000000000e+04
1.629400000000000000e+04
1.744600000000000000e+04
1.867900000000000000e+04
2.000000000000000000e+04
